%%%%%%%%%%%%%%%%%%%%%%%%%%%%%%%%%%%%%%%%%%%%%%%%%%%%%%%%%%%%%%%%%%%%%%%%%%%
%Datos del sistema
%%%%%%%%%%%%%%%%%%%%%%%%%%%%%%%%%%%%%%%%%%%%%%%%%%%%%%%%%%%%%%%%%%%%%%%%%%%
Base_MVA=100;

      %Nodo   Tipo  V(pu)    Ang(Radianes)   P_d(pu)       Q_d(pu)   
Nodos=[  1     1     1.06        0            0             0    ;
         2     2     1.045       0            21.7         12.7  ;
         3     2     1.01        0            94.2         19    ;
         4     3      1          0            47.8        -3.9   ;
         5     3      1          0            7.6          1.6   ;
         6     2     1.07        0            11.2         7.5   ;
         7     3      1          0            0            0     ;
         8     2     1.09        0            0            0     ;
         9     3      1          0            29.5         16.6  ;
         10    3      1          0            9            5.8   ;
         11    3      1          0            3.5          1.8   ;
         12    3      1          0            6.1          1.6   ;
         13    3      1          0            13.5         5.8   ;
         14    3      1          0            14.9         5     ;
       ];
% Donde Tipo= 1-->[Slack] ; 2-->[Pv] ;   3-->[PQ] ;   

%%%%%%%%%%%%%%%%%%%%%%%%%%%%%%%%%%%%%%%%%%%%%%%%%%%%%%%%%%%%%%%%%%%%%%%%%%%
%Valores en impedancias en PU
        %De  Hacia	    r         x       g       b        pmax            
Lineas= [1     2	   0.01938	 0.05917    0	 0.0528     1500;
         1     5	   0.05403   0.22304    0	 0.0492     1500;
         2     3	   0.04699	 0.19797    0	 0.0438     1500;
         2     4	   0.05811   0.17632    0	 0.0374     1500;
         2     5	   0.05695	 0.17388    0	 0.0340     1500;
         3     4	   0.06701   0.17103    0	 0.0346     1500;
         4     5	   0.01335   0.04211    0	 0.0128     1500;
         6     11	   0.09498	 0.19890    0	    0       1500;
         6     12	   0.12291   0.25581    0	    0       1500;
         6     13	   0.06615	 0.13027    0	    0       1500;
         9     10	   0.03181   0.08450    0	    0       1500;
         9     14	   0.12711	 0.27038    0	    0       1500;
         10    11	   0.08205   0.19207    0	    0       1500;
         12    13	   0.22092   0.19988    0	    0       1500;
         13    14	   0.17093	 0.34802    0	    0       1500;
         4     7	      0      0.20912    0	    0       1500;
         4     9	      0   	 0.55618    0	    0       1500;
         5     6	      0      0.25202    0	    0       1500;
         7     8	      0   	 0.17615    0	    0       1500;
         7     9	      0      0.11001    0	    0       1500;
              ];
          
%%%%%%%%%%%%%%%%%%%%%%%%%%%%%%%%%%%%%%%%%%%%%%%%%%%%%%%%%%%%%%%%%%%%%%%%%%%
%              Nodo  Pgen   Qgen  Pgmax  Pgmin
Generadores = [ 1	 232     0	   3000	  0 ;
	            2 	 40  	 0	   3000	  0 ;
                3 	 40  	 0	   3000	  0 ;
                6 	 40  	 0	   3000	  0 ;
                8 	 40  	 0	   300	  0];

%%%%%%%%%%%%%%%%%%%%%%%%%%%%%%%%%%%%%%%%%%%%%%%%%%%%%%%%%%%%%%%%%%%%%%%%%%%
%%%Curvas de demanda Valores en Pu

Demanda = [2   ones(1,24);
           3   0.300 0.300 0.320 0.305 0.316 0.358 0.466 0.544 0.732 0.816 0.950 0.772 0.786 0.844 0.982 1.000 0.700 0.750 0.568 0.380 0.336 0.298 0.288 0.300;
           4   0.230 0.200 0.190 0.180 0.180 0.170 0.400 0.600 0.790 0.970 0.970 0.970 0.950 0.900 0.960 1.000 0.900 0.800 0.710 0.620 0.530 0.440 0.380 0.250;
           5   0.300 0.300 0.320 0.305 0.316 0.358 0.466 0.544 0.732 0.816 0.950 0.772 0.786 0.844 0.982 1.000 0.700 0.750 0.568 0.380 0.336 0.298 0.288 0.300;
           6   0.230 0.200 0.190 0.180 0.180 0.170 0.400 0.600 0.790 0.970 0.970 0.970 0.950 0.900 0.960 1.000 0.900 0.800 0.710 0.620 0.530 0.440 0.380 0.250;
           9   0.350 0.400 0.300 0.180 0.190 0.140 0.390 0.320 0.310 0.210 0.290 0.450 0.310 0.270 0.280 0.230 0.700 0.730 0.700 0.800 0.750 0.650 0.650 0.350;
           10  0.300 0.300 0.320 0.305 0.316 0.358 0.466 0.544 0.732 0.816 0.950 0.772 0.786 0.844 0.982 1.000 0.700 0.750 0.568 0.380 0.336 0.298 0.288 0.300;
           11  0.230 0.200 0.190 0.180 0.180 0.170 0.400 0.600 0.790 0.970 0.970 0.970 0.950 0.900 0.960 1.000 0.900 0.800 0.710 0.620 0.530 0.440 0.380 0.250;
           12  0.350 0.400 0.300 0.180 0.190 0.140 0.390 0.320 0.310 0.210 0.290 0.450 0.310 0.270 0.280 0.230 0.700 0.730 0.700 0.800 0.750 0.650 0.650 0.350;
           13  0.230 0.200 0.190 0.180 0.180 0.170 0.400 0.600 0.790 0.970 0.970 0.970 0.950 0.900 0.960 1.000 0.900 0.800 0.710 0.620 0.530 0.440 0.380 0.250;
           14  0.300 0.300 0.320 0.305 0.316 0.358 0.466 0.544 0.732 0.816 0.950 0.772 0.786 0.844 0.982 1.000 0.700 0.750 0.568 0.380 0.336 0.298 0.288 0.300];

%%%%%%%%%%%%%%%%%%%%%%%%%%%%%%%%%%%%%%%%%%%%%%%%%%%%%%%%%%%%%%%%%%%%%%%%%%%
%Curvas de costos de generacion
% C(Pg_i) = a_i + b_i*Pg_i + d_i*(Pg_i)^2
%Col 1 = a_i
%Col 2 = b_i
%Col 3 = c_i

Costos=[561    7.92    0.00154
        310    7.8     0.002
        310    7.8     0.002
        561    7.92    0.00154
        78     8       0.005
        ];
