%%%%%%%%%%%%%%%%%%%%%%%%%%%%%%%%%%%%%%%%%%%%%%%%%%%%%%%%%%%%%%%%%%%%%%%%%%%
%Datos del sistema
%%%%%%%%%%%%%%%%%%%%%%%%%%%%%%%%%%%%%%%%%%%%%%%%%%%%%%%%%%%%%%%%%%%%%%%%%%%
Base_MVA=100;

        %Nodo   Tipo   V    Ang(rad)       Pd     Qd 
Nodos = [1     1     1.06      0           0      0  ;
         2     2      1       -0.0360      20     10 ;
         3     3   0.98725    -0.0809      45     15 ;
         4     3   0.98413    -0.0865      40     5  ;
         5     3   0.97170    -0.1006      60     10];
      %Nodo   Tipo  V(pu)    Ang(radiantes)  P_gen(pu)  Q_gen(pu)   P_d(pu) Q_d(pu)  Vmin  Vmax
% Donde Tipo= 1-->[Slack] ; 2-->[Pv] ;   3-->[PQ] ;   

%%%%%%%%%%%%%%%%%%%%%%%%%%%%%%%%%%%%%%%%%%%%%%%%%%%%%%%%%%%%%%%%%%%%%%%%%%%
%Valores en impedancias en PU
       % De  Hacia	     r          x       g       b     Pmax          
Lineas= [1     2	    0.02	   0.06     0	  0.06     150 ;
         1     3	    0.08       0.24     0	  0.05     150 ;
         2     3	    0.06	   0.18     0	  0.04     150 ;
         2     4	    0.06       0.18     0	  0.04     150 ;
         2     5	    0.04	   0.12     0	  0.03     150 ;
         3     4	    0.01       0.03     0	  0.02     150 ;
         4     5	    0.08       0.24     0	  0.05     150 ;
              ];
%%%%%%%%%%%%%%%%%%%%%%%%%%%%%%%%%%%%%%%%%%%%%%%%%%%%%%%%%%%%%%%%%%%%%%%%%%%
%              Nodo  Pgen   Qgen  Pgmax  Pgmin
Generadores = [ 1	 131.12  0	   300	  10 ;
	            2 	 40  	 0	   300	  10];

            
%%%%%%%%%%%%%%%%%%%%%%%%%%%%%%%%%%%%%%%%%%%%%%%%%%%%%%%%%%%%%%%%%%%%%%%%%%%
%%%Curvas de demanda Valores en Pu
Demanda = [2  0.350 0.400 0.300 0.180 0.190 0.140 0.390 0.320 0.310 0.210 0.290 0.450 0.310 0.270 0.280 0.230 0.700 0.730 0.700 0.800 0.750 0.650 0.650 0.350;
           3  0.230 0.200 0.190 0.180 0.180 0.170 0.400 0.600 0.790 0.970 0.970 0.970 0.950 0.900 0.960 1.000 0.900 0.800 0.710 0.620 0.530 0.440 0.380 0.250;
           4  0.230 0.200 0.190 0.180 0.180 0.170 0.400 0.600 0.790 0.970 0.970 0.970 0.950 0.900 0.960 1.000 0.900 0.800 0.710 0.620 0.530 0.440 0.380 0.250;
           5  0.300 0.300 0.320 0.305 0.316 0.358 0.466 0.544 0.732 0.816 0.950 0.772 0.786 0.844 0.982 1.000 0.700 0.750 0.568 0.380 0.336 0.298 0.288 0.300];

%%%%%%%%%%%%%%%%%%%%%%%%%%%%%%%%%%%%%%%%%%%%%%%%%%%%%%%%%%%%%%%%%%%%%%%%%%%
%Curvas de costos de generacion
% C(Pg_i) = a_i + b_i*Pg_i + d_i*(Pg_i)^2
%Col 1 = a_i
%Col 2 = b_i
%Col 3 = c_i

Costos=[561    7.92    0.00154
        310    7.8     0.002
        ];
