%%%%%%%%%%%%%%%%%%%%%%%%%%%%%%%%%%%%%%%%%%%%%%%%%%%%%%%%%%%%%%%%%%%%%%%%%%%
%Datos del sistema
%%%%%%%%%%%%%%%%%%%%%%%%%%%%%%%%%%%%%%%%%%%%%%%%%%%%%%%%%%%%%%%%%%%%%%%%%%%
Base_MVA=100;

      %Nodo   Tipo  V(pu)    Ang(Radianes)  P_gen(pu)  Q_gen(pu)   P_d(pu)       Q_d(pu)   Vmin  Vmax
Nodos=[  1     1     1.06        0          2.32         0          0.0          0.0       0.9   1.1;
         2     2     1.045       0           0.4         0         0.217         0.127     0.9   1.1;
         3     2     1.01        0            0          0         0.942         0.19      0.9   1.1;
         4     3      1          0            0          0         0.478        -0.039     0.9   1.1;
         5     3      1          0            0          0         0.076         0.016     0.9   1.1;
         6     2     1.07        0            0          0         0.112         0.075     0.9   1.1;
         7     3      1          0            0          0          0.0          0.0       0.9   1.1;
         8     2     1.09        0            0          0          0.0          0.0       0.9   1.1;
         9     3      1          0            0          0         0.295         0.166     0.9   1.1;
         10    3      1          0            0          0         0.09          0.058     0.9   1.1;
         11    3      1          0            0          0         0.035         0.018     0.9   1.1;
         12    3      1          0            0          0         0.061         0.016     0.9   1.1;
         13    3      1          0            0          0         0.135         0.058     0.9   1.1;
         14    3      1          0            0          0         0.149         0.05      0.9   1.1;
       ];

% Donde Tipo= 1-->[Slack] ; 2-->[Pv] ;   3-->[PQ] ;   

%%%%%%%%%%%%%%%%%%%%%%%%%%%%%%%%%%%%%%%%%%%%%%%%%%%%%%%%%%%%%%%%%%%%%%%%%%%
%Valores en impedancias en PU
        %De  Hacia	    r         x       g       b     pmax            
Lineas= [1     2	   0.01938	 0.05917    0	 0.0528     150;
         1     5	   0.05403   0.22304    0	 0.0492     150;
         2     3	   0.04699	 0.19797    0	 0.0438     150;
         2     4	   0.05811   0.17632    0	 0.0374     150;
         2     5	   0.05695	 0.17388    0	 0.0340     150;
         3     4	   0.06701   0.17103    0	 0.0346     150;
         4     5	   0.01335   0.04211    0	 0.0128     150;
         6     11	   0.09498	 0.19890    0	    0       150;
         6     12	   0.12291   0.25581    0	    0       150;
         6     13	   0.06615	 0.13027    0	    0       150;
         9     10	   0.03181   0.08450    0	    0       150;
         9     14	   0.12711	 0.27038    0	    0       150;
         10    11	   0.08205   0.19207    0	    0       150;
         12    13	   0.22092   0.19988    0	    0       150;
         13    14	   0.17093	 0.34802    0	    0       150;
         4     7	      0      0.20912    0	    0       150;
         4     9	      0   	 0.55618    0	    0       150;
         5     6	      0      0.25202    0	    0       150;
         7     8	      0   	 0.17615    0	    0       150;
         7     9	      0      0.11001    0	    0       150;
              ];
Base_MVA=100;
%Curvas de costos de generacion
% C(Pg_i) = a_i + b_i*Pg_i + d_i*(Pg_i)^2
%Col 1 = a_i
%Col 2 = b_i
%Col 3 = c_i

Costos=[561    7.92    0.00154
        310    7.8     0.002
        310    7.8     0.002
        561    7.92    0.00154
        78     8       0.005
        ];
